7010118152
6131251585
5806245926
984568970
459303871
5875664073
871348504
952534880
1525937789
302891450
5104078897
7075929711
921116480
1620800956
7007452067
5979259932
2040331041
6874527099
6344372803
5400366796
963921563
1608572626
5280893691
949741946
1038502
5088878782
2990959
6223548574
1091101961
6398168352
6384835822
5282149702
5185607516
5745718346
1990874108
949400264
5620264414
934969699
2084942475
6645041006
679529044
6580838630
1851512966
5765890168
853638926
5096063226
1774179489
6957392194
5376085016
1555551077
5560652978
5034887256
657413299
6007250787
6270259960
784888083
6131251585
1608572626
6775461288
1365554006
5374942898
5168581008
1115446928
7075929711
1181733843
565110382
5388811954
1393974497
213348848
85363926
993596792
2121461829
6703484368
5088878782
6598222522
6874527099
969391531
1630886128
2083850629
263526014
6645041006
6743990081
5282149702
289100674
5765161817
6617645819
969855701
871348504
302891450
6580838630
1525937789
5922133385
5381203896
2034598427
5765890168
952534880
1930536227
5374873572
6949141867
2040331041
2116980921
5677933479
1983200340
6702308344
6687200108
5131220226
1103204962
925841292
5742786611
6026136010
7146630161
7143125476
5826783699
5280893691

6183029356
1470350526
836186365
6327183834
5874558843
727524596
2039534651
5255568415
6030246075
6687368889
5797275270
6940789149
1502006602
5329779706
1903455574
5583395447
5388438817
5860841837
5987165104
6611164450
6645702536
2358328
6265584084
5417259222
182229327
1480312125
864656354
6587054376
459427804
1219683043
2198394
97425947
717052470
1035429981
6562373090
1334885292
1472572045
1574288762
6100685445
6669837268
7041751710
320800040
876705472
220024234
689534849
452818113
24869562
1123707985
1029429299
2134759428
6859934751
5547795042
5969050319
2026358515
909680898
972540391
7174971518
1871634259
7181735420
5879756499
5360627277
6523929590
7194053130
6130976098
1248024292
6523192232
6879392147
1726114791
5697642637
980594
736332642
6061886451
6360993859
1085135915
6792655239
5830519829
750100347
5803961842
6077749858
5306426412
6754387639
1736089725
5638051985
5395626626
1000798984
1007651604
444097330
2050566
1301531606
6010237935
1399157372
1744542330
1138659165
6868042476
5984797413
7163244480
5772666983
6191490003
490314985
7147967387
1326470043
120055341
1102123440
5766294683
6036734881
6546274852
960444316
5667296629
5538564158
6616145721
6482901866
5955719126
836321484
6797029744
528750577
6525525595
6125301813
6235244319
6984975031
6353021553
1722563358
1296897577
810725440
2355921
265132440
242083307
736198557
1795701633
5709291828
5451299256
5237584623
374790480
6964516361
5611500115
6648569021
643989783
1429676884
5908869413
1695833792
5265350206
6612359261
6232234061
1670647270
7178710455
1242160931
5994537341
5562625863
41650216
6925348610
414922724
1640501959
6629249316
95952433
6664982399
5254697519
602087645
2114896213
813708689
6005952076
5140471764
790414954
6416509930
6082068462
2004954439
5653951214
497356570
736607920
5519718475
724029954
6286513825
1885931340
6314734223
6085981996
938212084
378810022
6017051857
1205172723
6347096562
633423578
6208472328
6584934235
5773116942
6941900398
6576147060
5877491849
6260671972
5980257151
1906288215
6096645426
7215877790
6980276846
744766633
7442819128
592138648
5807786904
1380919099
86410632
615669097
927670697
6232740080
5799286498
720522282
1142921763
759283040
5799781215
6078112158
322362842
5158751889
6480636335
707711996
1173409722
5439736657
5308187296
53630677
5688719420
1908149295
6408871665
5091006766
1774582077
5073300869
6588187365
5424359507
2109327595
190377655
1354978950
6022338811
5880644817
1987963595
5794801541
5415896623
6811230614
5744738614
6336387040
7408092674
1909879996
1681818760
7480461346
231114839
5767858291
7107173769
6180848623
900709547
1230379514
1303580224
1237450166
1348121478
7080070440
1313801755
6563958109
1992400774
1966679215
6510025455
881075042
5222933624
6879564420
5735272660
1765300907
5209635659
1634526997
7212190878
377211481
6477566831
6513877529
5993720949
6698737573
293432849
6517192500
6613342946
6843231683
5391099219
5463286668
968765579
6215808753
1106973702
2099811016
5033406408
979028233
6059094858
893091087
490797967
6882157468
198402654
6760857244
5516200786
1081459308
6049438490
6460844968
7075743143
7452392780
650971940
1184289103
807229946
7000969807
1577097209
1750347566
5311754533
6723469063
7491796682
1318757844
6460499014
7097867719
379331588
7076098388
7452518648
6496154404
6234585355
757677671
6607733654
1205167241
6740940190
5862966260
7187660742
7025781773
1758171607
368412652
6101142039
6754920895
6613867750
7368941777
6240761412
2115864930
5726555297
891669972
33982271
7228096930
6062269675
38473005
5837520927
6859416561
1941704463
5546957686
5176966576
5981413130
6812943765
695828192
5029218253
7094565619
7139019580
1491068021
5236764355
5569878600
423966934
6199747701
6904219209
7105940997
6723038226
6261526863
5654054096
6036858127
6351723602
7487055547
640197446
1992432463
1366349802
6519860730
5779116210
6320165255
1080110
7425522720
5383311561
5365996787
5178626363
629734862
964823203
5082923451
7099299389
7325456046
6959788945
5284849640
6486460821
5546565690
7100601874
1256657378
1369783769
430198932
1978009513
6762316670
6943792006
874425600
650001157
6449515477
6948208034
5072701612
6449513935
6922091630
5188585722
7147659968
659916278
5663872141
6590718738
1074644901
857788410
399815734
5751843032
5654966900
6840279012
5796524546
6037339297
5856434966
5643808513
1279364018
7340033338
932563128
5115552761
5250820539
1301703040
427839525
1075991504
7378114564
2066345531
647244007
5192181521
1272524185
7261567931
5723159506
5885202482
996672963
